2
104
149
149
149
226
226
244
244
244
244
244
355
393
393
393
393
393
413
431
474
540
614
614
615
667
667
715
751
762
762
776
782
797
797
797
820
865
906
906
954
1083
1083
1083
1083
1083
1083
1083
1084
1091
1091
1132
1153
1183
1198
1198
1198
1230
1230
1247
1351
1367
1375
1375
1375
1427
1441
1441
1441
1497
1506
1506
1524
1524
1562
1562
1564
1676
1676
1756
1756
1756
1756
1761
1771
1771
1787
1787
1882
1907
1907
1907
1907
1907
1991
2057
2135
2135
2135
2135
2135
2135
2135
2135
2135
2172
2201
2201
2201
2201
2201
2234
2234
2316
2316
2332
2332
2335
2348
2377
2421
2421
2421
2421
2421
2458
2464
2503
2511
2548
2548
2548
2548
2548
2558
2585
2585
2585
2634
2650
2688
2701
2701
2701
2717
2721
2721
2760
2760
2760
2760
2780
2780
2780
2788
2831
2831
2866
2866
2874
2922
2963
2969
2969
2995
2997
2997
2997
3015
3015
3068
3068
3069
3069
3086
3086
3086
3115
3130
3199
3201
3201
3201
3201
3201
3201
3201
3242
3243
3243
3243
3243
3243
3243
3247
3247
3247
3247
3247
3247
3254
3301
3370
3370
3423
3423
3423
3423
3424
3424
3448
3468
3468
3468
3468
3468
3474
3498
3498
3498
3498
3523
3647
3647
3647
3749
3760
3786
3787
3787
3787
3787
3787
3787
3787
3885
3934
3934
3991
3991
3991
4017
4028
4038
4120
4129
4129
4129
4141
4152
4188
4188
4188
4188
4188
4188
4195
4195
4195
4195
4195
4195
4195
4195
4280
4346
4346
4346
4346
4432
4508
4589
4654
4703
4703
4703
4748
4748
4748
4748
4748
4749
4749
4749
4769
4769
4769
4769
5060
5233
5329
5329
5329
5329
5329
5329
5384
5450
5478
5478
5478
5478
5478
5478
5478
5478
5478
5504
5533
5533
5533
5533
5533
5533
5591
5591
5675
5675
5791
5791
5853
5853
5868
5903
5913
6000
6051
6051
6085
6085
6085
6171
6171
6171
6205
6225
6241
6241
6246
6246
6246
6246
6289
6298
6324
6324
6339
6369
6369
6449
6454
6454
6454
6454
6454
6500
6500
6510
6544
6675
6675
6689
6689
6689
6689
6701
6701
6701
6701
6701
6701
6819
6819
6837
6837
6839
6876
6876
6919
6975
6982
6982
6982
6982
6982
6982
7022
7022
7022
7037
7037
7037
7037
7037
7037
7067
7067
7067
7108
7108
7108
7108
7108
7136
7136
7136
7136
7136
7136
7136
7136
7519
7602
7666
7700
7700
7871
7871
7871
7871
7871
7896
7896
7896
7954
7954
7954
7978
8071
8071
8117
8117
8200
8200
8504
8504
8643
8643
8678
8780
8780
8780
8780
8867
8915
8915
8947
9115
9141
9141
9141
9141
9141
9294
9363
9379
9379
9440
9440
9762
9782
9782
9782
10023
10179
10179
10179
10247
10318
10318
10318
10318
10318
10318
10318
10544
10635
10635
10635
10635
10635
10758
10873
10879
10879
10879
11003
11016
11016
11072
11072
11072
11090
11090
11090
11097
11097
11097
11097
11097
11097
11097
11164
11164
11164
11164
11164
11164
11164
11164
11164
11208
11246
11258
11258
11258
11508
11536
11558
11595
11676
11804
11804
11881
11998
11998
11998
12430
12524
12681
12739
12959
13106
13106
13106
13147
13397
13469
13469
13469
13469
13469
13469
13837
13855
13855
13855
14054
14054
14242
14386
14426
14588
14698
14698
14698
14739
14739
14838
14976
15192
15192
15192
15192
15192
15192
15349
15452
15719
15719
15945
16355
16355
16355
16355
16355
16355
16355
16436
16485
16567
16859
16859
16910
16910
16910
16910
16938
16938
17030
17083
17083
17083
17083
17126
17126
17343
17343
17343
17343
17343
17343
17343
17373
17499
17499
17499
17499
17499
17499
17499
17532
17609
17727
17803
17803
17964
17964
18042
18234
18234
18520
18520
18520
18602
18602
18602
18602
18612
18612
18686
18686
18686
18686
18686
18853
18853
18853
18853
18853
18853
18853
18853
19106
19198
19198
19198
19198
19198
19198
20286
20286
20286
20286
20432
20432
20518
20675
20675
20900
20900
20900
20925
21153
21153
21171
21211
21285
21521
21790
21790
21894
21904
22074
22117
22300
22300
22429
22429
22543
22543
22543
22543
22543
22543
22543
22543
22575
22576
22603
22603
22603
22603
22603
22603
22603
22684
22684
22687
22687
22687
22696
22707
22852
22852
22966
22966
23059
23059
23059
23059
23069
23069
23069
23194
23194
23259
23259
23351
23351
23351
23351
23351
23351
23509
23588
23588
23588
23588
23588
23588
23588
23588
23588
23627
23627
23660
23680
23714
23714
23959
24190
24190
24190
24190
24190
24190
24190
24236
24469
24469
24609
24619
24625
24625
24691
24691
24691
24691
24691
24691
24785
24810
24810
24810
24816
25038
25038
25097
25146
25146
25146
25146
25146
25146
25146
25178
25178
25178
25178
25178
25178
25178
25184
25226
25226
25226
25226
25330
25330
25330
25377
25448
25448
25448
25448
25448
25448
25448
25448
25448
25488
25488
25823
25823
25854
25869
26124
26200
26200
26200
26200
26205
26205
26205
26205
26315
26315
26315
26315
26373
26524
26524
26524
26524
26524
26524
26524
26555
26555
26555
26555
26555
26616
26724
26724
26783
26839
26839
26839
26882
27107
27107
27107
27235
27235
27235
27235
27235
27235
27235
27235
27235
27235
27335
27399
27420
27445
27445
27445
27445
27636
27636
27636
27636
27636
27833
27833
27833
27938
28059
28059
28059
28059
28059
28059
28194
28194
28199
28208
28225
28255
28374
28374
28511
28511
28511
28798
28816
28880
28922
28931
29089
29154
29154
29154
29167
29167
29176
29176
29176
29176
29176
29183
29183
29218
29272
29272
29436
29436
29518
29518
29518
29567
29583
29624
29723
29723
29723
29829
29829
29850
29850
29979
29979
29979
29979
30076
30076
30076
30123
30382
30417
30417
30417
30432
30618
30668
30668
30731
30789
30789
30793
30821
30821
30824
30884
30913
30913
30986
31052
31052
31091
31161
31178
31211
31215
31215
31321
31370
31370
31370
31419
31457
31471
31471
31507
31620
31705
31705
31705
31705
31873
32095
32136
32345
32372
32406
32430
32430
32496
32496
32496
32551
32565
32565
32565
32789
32833
32910
32910
32918
32918
32918
32918
32918
32918
33022
33022
33022
33109
33109
33109
33135
33135
33135
33135
33135
33135
33135
33135
33135
33135
33135
33135
33168
33248
33248
33258
33258
33270
33270
33270
33270
33278
33278
33296
33296
33296
33401
33680
33680
33680
33822
33889
33889
33889
33898
33913
33913
33913
33913
34024
34024
34062
34104
34104
34104
34104
34118
34118
34118
34118
34193
34220
34220
34220
34220
34220
34220
34220
34260
34312
34411
34431
34462
34462
34462
34462
34462
34471
34471
34471
34471
34471
34471
34471
34628
34628
34628
34694
34694
34758
34758
34758
34789
34806
34925
34925
34930
34930
34982
34999
35079
35079
35079
35079
35079
35079
35168
35168
35202
35202
35229
35229
35229
35354
35381
35385
35385
35416
35416
35494
35506
35596
35605
35605
35605
35605
35639
35639
35639
35639
35639
35639
35639
35639
35639
35639
35675
35682
35682
35682
35682
35682
35682
35682
35682
35682
35682
35682
35718
35718
35718
35718
35777
35777
35788
35851
35993
36140
36140
36140
36140
36208
36269
36285
36285
36332
36332
36482
36504
36597
36597
36644
36644
36695
36807
36821
36821
36821
36946
37214
37214
37215
37364
37364
37390
37390
37393
37393
37393
37393
37415
37415
37439
37439
37439
37439
37449
37498
37566
37566
37582
37582
37900
38015
38135
38135
38135
38135
38135
38135
38200
38200
38420
38464
38464
38482
38482
38502
38502
38517
38602
38698
38698
38716
38797
38797
38797
38797
38931
39011
39093
39096
39096
39096
39131
39131
39138
39138
39193
39241
39278
39362
39362
39362
39362
39490
39522
39522
39586
39606
39689
39717
39717
39717
39717
39717
39755
39755
39761
39777
39777
39807
39807
39855
39864
39864
39954
39973
39985
40000
40006
40021
40057
40099
40099
40099
40099
40099
40099
40148
40148
40148
40148
40148
40148
40208
40208
40225
40232
40236
40291
40394
40394
40394
40394
40394
40471
40484
40489
40489
40489
40489
40489
40529
40539
40589
40595
40595
40595
40595
40595
40595
40595
40602
40610
40610
40610
40610
40610
40682
40772
40811
40811
40811
40811
40811
40811
40883
40883
40944
40944
41004
41084
41084
41103
41103
41103
41210
41210
41210
41210
41210
41235
41248
41248
41260
41284
41284
41353
41364
41364
41364
41394
41394
41432
41432
41481
41491
41491
41519
41601
41637
41637
41637
41637
41637
41637
41637
41637
41669
41706
41706
41706
41706
41716
41781
41795
41887
41930
41930
41930
41930
42002
42018
42096
42109
42109
42116
42121
42145
42145
42145
42145
42145
42145
42246
42323
42553
42577
42594
42594
42594
42594
42595
42628
42670
42670
42670
42750
42775
42824
42839
42839
42839
42839
42839
42839
42839
42839
42839
42839
42880
42880
42880
42880
42889
42931
42931
42949
42949
42949
42949
42965
42973
43015
43015
43017
43047
43066
43066
43066
43081
43123
43148
43164
43302
43328
43371
43389
43389
43389
43389
43389
43389
43389
43389
43430
43430
43430
43492
43519
43519
43519
43571
43571
43571
43571
43571
43576
43576
43638
43638
43673
43680
43745
43745
43745
43745
43810
43820
43970
44040
44055
44180
44197
44242
44282
44342
44348
44348
44348
44348
44351
44517
44555
44555
44555
44555
44555
44555
44626
44626
44649
44649
44649
44649
44649
44652
44652
44664
44692
44724
44731
44731
44731
44731
44749
44770
44806
44888
45002
45021
45021
45022
45022
45029
45029
45060
45060
45060
45060
45068
45068
45068
45083
45083
45169
45169
45169
45321
45353
45431
45556
45575
45623
45632
45635
45635
45635
45669
45696
45696
45696
45697
45697
45730
45730
45839
45839
45839
45856
45856
45857
45857
45857
45932
45932
45966
45966
45966
45989
45989
46007
46007
46072
46102
46102
46102
46133
46162
46162
46162
46195
46213
46235
46235
46290
46290
46290
46290
46290
46343
46343
46343
46343
46343
46343
46389
46389
46389
46389
46470
46530
46565
46612
46612
46612
46612
46612
46612
46612
46667
46871
46871
47120
47120
47195
47222
47239
47325
47325
47325
47327
47348
47402
47402
47402
47402
47453
47453
47496
47496
47503
47503
47580
47583
47583
47583
47583
47583
47604
47654
47654
47815
47815
47818
47818
47818
47818
47854
47854
47939
47942
47942
47964
48065
48065
48085
48120
48194
48194
48207
48207
48207
48207
48207
48207
48207
48247
48247
48257
48316
48316
48316
48316
48336
48336
48336
48344
48345
48345
48345
48345
48345
48374
48374
48374
48395
48423
48432
48500
48607
48622
48637
48637
48637
48637
48659
48689
48693
48701
48701
48701
48701
48770
48788
48798
48826
48987
48987
48987
48987
48987
48987
48987
48987
49020
49033
49033
49033
49154
49240
49253
49322
49322
49322
49322
49322
49356
49356
49356
49356
49356
49356
49356
49430
49430
49475
49475
49475
49475
49475
49486
49486
49486
49514
49514
49546
49662
49703
49710
49737
49737
49763
49763
49763
49871
49871
49871
49871
49927
49927
49927
49927
49954
49956
49956
50009
50153
50153
50153
50267
50272
50305
50318
50318
50403
50403
50413
50413
50414
50416
50458
50458
50458
50458
50578
50578
50578
50578
50578
50585
50590
50590
50590
50590
50590
50590
50664
50664
50664
50664
50664
50690
50694
50728
50808
50837
50852
50886
50952
50952
50952
50952
50952
51001
51016
51016
51016
51016
51042
51042
51063
51116
51154
51154
51184
51240
51240
51240
51240
51272
51281
51281
51281
51281
51326
51360
51360
51372
51372
51372
51439
51468
51477
51581
51602
51610
51610
51638
51666
51666
51666
51675
51715
51715
51744
51764
51764
51837
51915
51927
51927
51927
51927
51927
51927
51927
51927
51927
51968
52039
52224
52420
52420
52427
52427
52427
52442
52564
52583
52611
52687
52687
52700
52841
52841
52841
52841
52841
52841
52848
52848
52873
52873
52955
52987
52989
52992
52992
52992
53010
53066
53116
53116
53116
53116
53116
53116
53116
53116
53202
53202
53202
53202
53202
53232
53246
53246
53246
53246
53246
53256
53256
53417
53417
53417
53422
53456
53456
53462
53462
53462
53477
53513
53661
53661
53661
53786
53786
53804
53804
53804
53826
53840
53840
53840
53840
53846
53857
53857
53865
53878
53886
53980
54016
54016
54041
54041
54041
54041
54128
54144
54227
54227
54227
54227
54227
54227
54272
54272
54310
54310
54366
54366
54366
54366
54366
54366
54407
54449
54449
54449
54587
54587
54587
54587
54720
54773
54790
54790
54790
54795
54809
54840
54840
54840
54840
54860
54878
54878
54878
54878
54946
54963
55014
55035
55053
55053
55107
55144
55150
55212
55212
55290
55290
55290
55290
55324
55324
55334
55379
55423
55452
55452
55467
55467
55507
55507
55507
55583
55599
55632
55648
55683
55695
55695
55695
55695
55695
55765
55765
55985
56009
56009
56026
56049
56049
56133
56142
56142
56142
56142
56168
56374
56374
56406
56474
56474
56474
56709
56957
57055
57392
57392
57392
57392
57392
57550
57612
57618
57618
57618
57618
57623
57623
57623
57691
57851
57851
57851
57901
57982
57982
57982
57982
58408
58408
58443
58443
58443
58455
58455
58524
58524
58524
58524
58524
58524
58524
58573
58573
58573
58616
58731
58778
58866
58866
58866
58866
58871
58871
59183
59183
59226
59236
59236
59246
59246
59246
59299
59342
59342
59342
59354
59354
59408
59408
59478
59478
59507
59507
59577
59577
59577
59745
59745
60004
60004
60004
60031
60175
60175
60175
60203
60203
60203
60203
60301
60366
60430
60430
60430
60549
60549
60549
60549
60549
60549
60734
60916
60916
60916
60923
60923
61099
61137
61137
61166
61293
61293
61293
61293
61435
61435
61516
61530
61547
61547
61547
61547
61547
61574
61574
61574
61574
61574
61625
61625
61625
61706
61706
61752
61804
61895
61990
61990
61990
61990
62071
62071
62093
62093
62093
62172
62191
62537
62537
62537
62537
62537
62537
62537
62537
62537
62545
62545
62737
62770
62770
62770
62770
62770
62836
62836
62836
63062
63062
63062
63120
63120
63307
63488
63640
63734
63734
63734
63734
63734
63793
63813
63890
63890
63890
63890
63998
63998
64246
64246
64246
64246
64246
64304
64304
64304
64304
64304
64360
64372
64372
64412
64412
64412
64426
64426
64452
64452
64452
64452
64452
64765
64765
64765
64832
64902
65005
65059
65265
65765
65765
65765
65802
65802
65802
65802
65844
65844
65844
66004
66004
66014
66165
66165
66165
66208
66208
66227
66227
66227
66435
66455
66455
66455
66540
66540
66540
66540
66670
66736
66844
66872
66872
66932
66932
66932
66966
66966
66966
66966
66999
67095
67210
67210
67210
67266
67278
67278
67278
67391
67391
67391
67391
67391
67391
67392
67453
67540
67744
67744
67744
67929
67929
67936
67936
68005
68079
68222
68222
68222
68259
68259
68259
68533
68533
68550
68550
68550
68742
69215
69215
69215
69331
69331
69331
69437
69531
69531
69531
69531
69531
69754
69754
69825
70132
70161
70236
70236
70316
70316
70331
70389
70406
70406
70406
70406
70406
70406
70406
70406
70406
70555
70627
70627
70627
70627
70627
71039
71039
71039
71062
71062
71062
71062
71062
71129
71129
71129
71129
71129
71129
71129
71129
71286
71286
71286
71286
71366
71366
71419
71633
71706
71725
71755
71811
71853
71856
71856
71866
71892
71908
71908
71943
72189
72410
72410
72524
72524
72567
72696
72796
72796
72796
72796
72796
72796
73019
73019
73019
73050
73050
73112
73112
73181
73181
73181
73193
73193
73263
73263
73338
73338
73338
73392
73392
73392
73456
73808
73822
73822
73822
73822
73822
73822
73822
73945
73945
73945
73955
73955
73955
73955
73979
73979
73979
74174
74356
74361
74422
74422
74422
74422
74422
74422
74422
74422
74453
74453
74453
74453
74453
74474
74474
74564
74564
74567
74567
74567
74567
74567
74567
74745
74824
74912
74912
74912
74912
74912
74912
74912
75006
75553
75569
75569
75604
75604
75604
75604
75604
75604
75655
75662
75785
75936
76366
76367
76978
76978
76978
77015
77169
77169
77169
77195
77280
77280
77280
77280
77479
77479
77479
77482
77657
77694
77694
77694
77694
77694
77942
78261
78261
78261
78261
78264
78472
78472
78518
78518
78518
78570
78573
78736
78736
78736
78889
78941
78941
79168
79168
79168
79186
79285
79285
79285
79285
79285
79285
79310
79435
79702
79702
79741
79741
79823
79864
79864
79969
79969
79969
80462
80462
80462
80462
80462
80462
80926
80926
80926
81047
81047
81047
81158
81158
81158
81341
81341
81341
81418
81418
81418
81418
81418
81487
81706
81706
81706
81706
81706
81706
81820
81820
81821
81821
81907
82410
82410
82410
82623
82693
82768
82768
82768
82819
82865
82903
82903
82903
82964
82964
82964
82964
83051
83335
83335
83400
83464
83464
83485
83496
83496
83496
83496
83522
83522
83591
83802
83822
83927
83927
83927
83973
84171
84171
84189
84189
84189
84189
84304
84352
84352
84352
84352
84463
84642
84693
84777
84777
84777
84777
84777
84808
84808
84874
84932
84932
84932
84932
84932
84932
85179
85185
85218
85218
85424
85424
85424
85745
85745
85745
85902
85902
85999
86174
86174
86174
86174
86339
86365
86679
86679
86679
86792
86792
86792
86792
86792
86890
87215
87215
87391
87592
87592
87592
87646
87646
88088
88088
88213
88213
88213
88283
88283
88283
88283
88283
88283
88283
88283
88308
88599
88622
88622
88622
88702
88861
88871
88895
88991
89330
89330
89427
89427
89427
89427
89532
89664
89695
89695
89695
89695
89788
89788
89792
89792
89800
89800
89843
89849
89849
89849
89849
89849
89849
89849
89849
90213
90447
90558
90572
90836
90840
90840
90840
90840
90840
90840
90840
90907
90907
90907
90907
90977
90977
91041
91173
91185
91270
91270
91270
91270
91270
91270
91270
91282
91282
91439
91499
91499
91499
91499
91499
91499
91532
91538
91545
91642
91713
91713
91713
91713
91729
91802
91856
91896
91896
91896
91949
91949
91981
91981
91987
91987
92052
92102
92102
92102
92329
92329
92329
92329
92331
92369
92369
92446
92446
92446
92446
92446
92479
92479
92485
92485
92485
92504
92553
92589
92748
92748
93031
93031
93135
93135
93182
93214
93214
93235
93281
93281
93281
93281
93281
93281
93316
93316
93316
93461
93461
93500
93598
93644
93715
93715
93745
93745
93747
93747
93747
93779
93802
93802
93814
93821
93821
93821
93821
93821
93821
93821
93859
93859
93889
93889
93889
93928
93928
93936
93936
93945
93945
93945
93945
93945
93985
94016
94016
94016
94107
94163
94165
94165
94165
94207
94284
94284
94345
94345
94345
94345
94364
94364
94364
94364
94373
94381
94626
94626
94626
94626
94657
94657
94663
94735
94769
94781
94781
94783
94798
94798
94825
94825
94881
94881
94881
95011
95071
95101
95101
95127
95152
95152
95152
95152
95152
95152
95159
95159
95159
95159
95159
95161
95249
95258
95404
95404
95411
95411
95411
95428
95533
95533
95533
95533
95601
95618
95624
95624
95660
95665
95702
95702
95706
95706
95706
95706
95706
95775
95775
95853
95948
95948
95948
96002
96046
96130
96130
96130
96130
96152
96182
96330
96443
96443
96487
96529
96617
96617
96630
96636
96636
96636
96636
96636
96636
96636
96636
96636
96658
96746
96746
96746
96941
96941
97047
97047
97122
97129
97129
97129
97129
97136
97136
97136
97136
97136
97143
97157
97157
97157
97298
97312
97312
97312
97361
97361
97361
97412
97412
97412
97414
97414
97414
97433
97433
97433
97433
97465
97465
97475
97552
97552
97552
97552
97552
97552
97594
97594
97594
97594
97594
97601
97601
97601
97601
97601
97610
97629
97647
97655
97728
97757
97767
97767
97767
97839
97839
98052
98052
98052
98052
98052
98052
98058
98062
98138
98138
98208
98258
98258
98272
98272
98310
98313
98422
98422
98442
98442
98613
98613
98613
98613
98613
98613
98613
98613
98634
98634
98634
98634
98648
98648
98648
98648
98663
98663
98695
98695
98695
98723
98799
98799
98799
98799
98799
98816
98816
98845
98845
98845
98845
98845
98845
98888
98888
98888
98888
98924
98924
98924
98924
98940
99014
99035
99035
99092
99095
99095
99169
99169
99169
99169
99169
99169
99169
99169
99180
99180
99212
99258
99258
99258
99258
99258
99258
99258
99272
99283
99283
99283
99329
99401
99432
99581
99581
99581
99581
99581
99581
99581
99676
99676
99752
99752
99825
99825
99828
99889
99889
99889
99908
99908
99908
99943
100018
100018
100018
100047
100047
100097
100097
100097
100130
100130
100130
100130
100130
100130
100230
100230
100230
100230
100230
100230
100230
100230
100230
100230
100230
100236
100251
100251
100251
100272
100288
100328
100337
100400
100403
100408
100408
100475
100475
100475
100475
100475
100525
100581
100581
100581
100640
100649
100649
100649
100649
100668
100683
100683
100705
100705
100767
100794
100831
100867
100867
100867
100939
100999
101007
101047
101047
101047
101047
101047
101047
101047
101047
101058
101061
101061
101061
101064
101064
101064
101090
101094
101103
101115
101115
101176
101182
101201
101224
101326
101354
101354
101401
101401
101401
101401
101465
101465
101465
101465
101491
101619
101619
101619
101619
101675
101683
101688
101808
101844
101844
101844
101990
101997
101999
102158
102187
102187
102188
102248
102310
102359
102366
102438
102438
102453
102453
102453
102464
102506
102506
102506
102506
102506
102506
102540
102675
102675
102675
102675
102694
102694
102694
102762
102783
102783
102783
102783
102813
102853
102853
102853
102853
102915
102933
102933
102990
102990
102990
102990
102990
102990
103126
103126
103159
103268
103336
103336
103336
103336
103336
103336
103353
103423
103423
103441
103506
103512
103575
103575
103608
103608
103608
103608
103608
103608
103608
103608
103608
103608
103608
103608
103608
103608
103727
103727
103727
103802
103802
103802
103802
103802
103849
103850
104019
104019
104019
104019
104019
104080
104080
104080
104098
104125
104125
104125
104152
104175
104175
104175
104175
104175
104175
104175
104206
104360
104360
104401
104401
104461
104570
104570
104570
104570
104600
104619
104619
104619
104619
104619
104619
104619
104619
104619
104629
104666
104710
104710
104720
104720
104720
104720
104720
104769
104862
104862
104879
104959
104959
104960
104960
104960
104981
104981
104981
104981
104981
104981
104981
104981
104981
104981
105008
105128
105128
105140
105140
105164
105164
105193
105193
105193
105193
105360
105382
105382
105516
105516
105516
105516
105526
105526
105553
105553
105553
105553
105627
105627
105627
105674
105730
105730
105787
105806
105806
105806
105809
105809
105809
105844
105844
105844
105859
105899
105899
105899
105909
105909
105921
105921
105955
105973
105973
105973
106026
106026
106053
106103
106171
106224
106251
106283
106298
106298
106298
106314
106314
106314
106330
106399
106399
106399
106447
106447
106450
106450
106450
106450
106450
106450
106591
106591
106615
106615
106615
106615
106615
106615
106615
106615
106642
106642
106642
106642
106642
106649
106649
106649
106659
106692
106706
106834
106834
106864
107040
107040
107040
107040
107046
107136
107136
107136
107136
107154
107154
107154
107154
107154
107154
107154
107154
107154
107194
107194
107194
107194
107194
107221
107221
107221
107221
107221
107283
107303
107303
107303
107335
107335
107335
107335
107335
107335
107359
107359
107359
107359
107359
107406
107480
107597
107597
107597
107662
107760
107760
107760
107760
107770
107784
107788
107798
107798
107819
107819
107819
107881
107881
107881
107953
108112
108133
108133
108133
108144
108144
108195
108195
108195
108195
108195
108226
108226
108226
108226
108262
108262
108281
108315
108315
108340
108340
108340
108347
108347
108347
108372
108491
108552
108552
108552
108583
108583
108583
108583
108583
108625
108633
108633
108700
108702
108702
108757
108757
108788
108788
108888
108947
108947
108955
108970
109019
109063
109083
109083
109083
109197
109277
109345
109345
109405
109522
109616
109616
109616
109616
109647
109689
109725
109725
109725
109735
109754
109754
109763
109770
109859
109859
109859
109890
109890
109903
109932
109960
109960
109960
109960
110171
110171
110201
110201
110300
110300
110306
110340
110390
110425
110425
110427
110427
110427
110427
110427
110427
110455
110509
110509
110509
110509
110509
110509
110509
110509
110570
110596
110635
110646
110777
110777
110777
110777
110777
110777
110807
110807
110826
110826
110826
110826
110850
110862
110948
110948
110952
111075
111089
111187
111200
111200
111200
111200
111200
111200
111200
111202
111202
111202
111235
111242
111276
111279
111279
111279
111279
111279
111279
111279
111361
111361
111361
111361
111448
111448
111448
111533
111533
111533
111533
111533
111634
111737
111737
111757
111757
111757
111757
111824
111875
111875
111917
111924
111924
111972
111972
111972
111972
112052
112052
112052
112068
112070
112093
112093
112093
112093
112093
112238
112251
112265
112265
112660
112767
112772
112772
112772
112772
112772
112862
112862
112922
113018
113018
113018
113077
113077
113077
113077
113077
113077
113090
113100
113104
113104
113104
113104
113114
113114
113136
113139
113223
113223
113223
113223
113223
113272
113272
113272
113272
113308
113308
113308
113308
113355
113355
113439
113439
113439
113439
113439
113439
113439
113439
113439
113439
113609
113609
113609
113609
113609
113609
113609
113697
113697
113697
113697
113697
113697
113779
113796
114020
114080
114119
114119
114185
114185
114185
114211
114221
114421
114435
114720
114720
114773
114813
114813
114818
114818
114818
114818
114818
114890
114890
114915
114915
114915
114916
114942
114994
115019
115026
115026
115026
115026
115026
115026
115030
115030
115035
115035
115038
115058
115059
115059
115134
115220
115220
115220
115220
115303
115320
115402
115402
115416
115439
115550
115562
115562
115562
115562
115562
115600
115600
115610
115610
115610
115663
115663
115663
115663
115663
115663
115704
115704
115704
115704
115704
115704
115704
115799
115799
115799
115799
115799
115799
115809
115809
115809
115809
115809
115809
115809
115822
115822
115822
115822
115822
115904
115943
115980
116038
116127
116127
116127
116129
116129
116193
116258
116272
116272
116272
116272
116272
116278
116278
116278
116278
116301
116301
116301
116354
116354
116419
116430
116430
116443
116443
116444
116444
116470
116509
116515
116515
116533
116536
116536
116547
116547
116547
116596
116606
116606
116660
116660
116660
116660
116669
116669
116669
116671
116689
116689
116689
116751
116797
116797
116801
116915
116915
116915
117095
117166
117222
117222
117222
117276
117342
117342
117342
117342
117350
117359
117359
117359
117359
117359
117392
117392
117392
117419
117419
117419
117419
117419
117421
117421
117421
117481
117481
117481
117481
117529
117529
117558
117565
117565
117593
117593
117593
117593
117593
117593
117605
117624
117653
117653
117653
117653
117758
117758
117758
117758
117758
117792
117819
117829
117829
117876
117876
117876
117876
117876
117876
117876
117876
117890
117890
117926
117926
117926
117970
117970
117970
117970
117970
118025
118091
118132
118132
118417
118417
118417
118437
118492
118492
118492
118613
118613
118613
118613
118613
118613
118613
118616
118616
118616
118616
118622
118629
118671
118689
118689
118689
118724
118724
118755
118795
118795
118818
118845
118845
118940
118940
119055
119140
119140
119241
119245
119280
119280
119280
119280
119280
119356
119356
119356
119416
119416
119421
119421
119421
119476
119476
119505
119505
119505
119505
119505
119505
119656
119746
119769
119769
119769
119779
119779
119843
119843
119843
119843
119843
119848
119848
119880
119888
120134
120134
120143
120156
120156
120156
120204
120204
120204
120204
120265
120265
120265
120265
120303
120377
120377
120424
120424
120567
120597
120648
120648
120648
120648
120648
120652
120690
120769
120769
120789
120789
120789
120797
120797
120797
120813
120813
120849
120849
120849
120894
120901
120901
120918
120956
120956
120956
120992
120992
121002
121002
121059
121059
121059
121059
121059
121065
121065
121065
121067
121067
121067
121067
121134
121134
121134
121157
121157
121157
121157
121157
121260
121260
121260
121260
121324
121324
121324
121324
121342
121342
121342
121395
121405
121405
121406
121406
121418
121418
121554
121791
121791
121791
121886
121886
121887
121887
121887
121980
121991
122100
122100
122100
122154
122154
122230
122230
122359
122359
122359
122359
122359
122359
122394
122394
122394
122394
122394
122409
122465
122507
122507
122518
122587
122587
122587
122652
122652
122677
122701
122701
122709
122773
122835
122835
122835
122835
122835
122853
122962
123029
123029
123050
123050
123077
123087
123113
123181
123218
123220
123249
123249
123249
123249
123249
123266
123291
123291
123336
123391
123391
123391
123393
123410
123442
123442
123469
123479
123479
123527
123527
123632
123632
123632
123632
123638
123659
123659
123659
123659
123684
123684
123684
123704
123704
123743
123743
123863
123881
123881
123894
124001
124001
124001
124119
124119
124255
124269
124276
124276
124276
124276
124276
124276
124276
124327
124409
124409
124432
124432
124432
124484
124484
124494
124494
124551
124553
124553
124553
124553
124559
124559
124616
124616
124616
124647
124672
124672
124688
124730
124781
124837
124837
124837
124837
124837
124849
124849
124849
124849
124849
124885
124885
124943
124943
124943
124946
124947
124947
124947
124947
124947
124967
124967
124967
124967
124967
125014
125014
125109
125109
125180
125180
125180
125180
125180
125196
125196
125219
125219
125219
125219
125219
125228
125256
125256
125256
125262
125262
125279
125306
125306
125306
125355
125366
125397
125397
125482
125482
125482
125508
125509
125509
125583
125590
125606
125701
125701
125701
125701
125701
125701
125701
125701
125701
125747
125747
125757
125757
125757
125757
125774
125799
125799
125799
125811
125811
125811
125826
125826
125902
125933
125933
125933
125952
125952
125952
125952
125952
125987
125987
125987
125987
125987
126003
126087
126161
126161
126161
126161
126189
126247
126247
126247
126247
126279
126279
126279
126358
126358
126379
126379
126379
126452
126460
126469
126481
126481
126541
126659
126703
126703
126704
126730
126737
126768
126768
126772
126851
126851
126867
126867
126867
126867
126867
126867
126943
126943
126943
127015
127015
127015
127015
127023
127023
127023
127023
127023
127023
127023
127023
127066
127295
127295
127295
127295
127295
127295
127329
127329
127329
127335
127408
127408
127408
127408
127408
127408
127408
127408
127470
127470
127470
127604
127604
127604
127604
127676
127710
127751
127899
127899
127899
127924
127948
127962
127962
127976
127976
127979
127995
127995
127995
127995
127995
128078
128084
128084
128084
128084
128245
128283
128283
128283
128320
128320
128337
128417
128417
128425
128429
128436
128439
128439
128457
128457
128457
128464
128464
128464
128464
128464
128464
128599
128599
128599
128599
128599
128599
128599
128599
128599
128599
128649
128654
128700
128747
128747
128747
128762
128762
128762
128924
129000
129000
129009
129009
129009
129009
129009
129052
129059
129105
129105
129105
129105
129105
129130
129130
129169
129241
129295
129295
129295
129295
129295
129384
129384
129384
129428
129488
129489
129540
129540
129540
129540
129540
129602
129615
129615
129662
129668
129668
129768
129781
129781
129813
129901
129934
129937
129937
129937
129937
129937
129937
129937
129937
129956
129956
129956
129956
129963
129986
129986
129986
129995
129995
129995
129995
129995
130007
130062
130062
130062
130062
130132
130152
130245
130245
130275
130350
130350
130350
130350
130402
130402
130479
130497
130497
130497
130497
130497
130520
130520
130553
130553
130654
130654
130689
130689
130754
130828
130929
130929
131055
131055
131055
131055
131055
131055
131055
131055
131055
131112
131112
131147
131227
131227
131281
131344
131344
131350
131350
131357
131357
131370
131418
131418
131434
131434
131434
131457
131501
131501
131520
131520
131520
131520
131520
131520
131520
131520
131520
131520
131520
131541
131541
131541
131541
131541
131541
131541
131541
131541
131558
131618
131618
131722
131722
131722
131722
131722
131854
131854
131872
131890
131890
131890
131890
131890
131890
131890
131890
131890
131890
131905
131910
131981
132034
132034
132125
132137
132137
132137
132137
132204
132346
132346
132346
132346
132346
132349
132436
132467
132467
132467
132467
132467
132467
132467
132477
132477
132577
132577
132577
132577
132577
132577
132577
132619
132634
132658
132684
132684
132684
132698
132707
132707
132707
132832
132840
132901
132901
132943
132943
132943
132944
132944
132961
132961
132961
132961
132961
132962
132984
132984
133035
133050
133050
133095
133095
133095
133095
133095
133095
133162
133162
133169
133195
133195
133201
133201
133275
133275
133275
133275
133275
133320
133320
133320
133320
133320
133352
133401
133401
133448
133608
133622
133622
133622
133680
133680
133680
133702
133733
134004
134029
134029
134034
134034
134034
134177
134214
134214
134357
134381
134381
134381
134383
134383
134383
134383
134383
134387
134405
134405
134429
134429
134429
134520
134520
134520
134520
134520
134572
134572
134583
134583
134583
134583
134583
134583
134583
134583
134697
134715
134715
134715
134827
134833
134833
134833
134833
134833
134853
134918
134918
134918
134918
134918
134918
134918
135038
135038
135052
135052
135065
135065
135104
135111
135111
135111
135185
135208
135280
135314
135314
135314
135314
135329
135486
135486
135486
135507
135565
135594
135698
135727
135727
135727
135761
135761
135809
135809
135816
135816
135816
135816
135873
135925
135925
135996
135996
135996
136037
136120
136212
136212
136212
136222
136222
136222
136222
136222
136294
136294
136294
136299
136363
136363
136363
136363
136363
136366
136366
136375
136375
136413
136413
136418
136534
136543
136543
136578
136578
136578
136578
136585
136585
136585
136585
136585
136585
136585
136585
136642
136773
136938
136938
136939
137104
137119
137231
137231
137246
137248
137332
137332
137332
137332
137433
137441
137478
137478
137563
137580
137580
137580
137580
137580
137580
137580
137595
137595
137634
137680
137680
137680
137715
137722
137722
137722
137722
137722
137722
137784
137784
137797
137797
137797
137797
137797
137797
137797
137797
137826
137826
137837
137855
137866
137912
137912
137912
137912
137912
137912
137912
137965
137965
137965
137965
137980
138003
138051
138110
138240
138262
138262
138262
138262
138262
138262
138262
138262
138307
138350
138350
138350
138354
138392
138392
138392
138392
138392
138392
138463
138463
138479
138498
138498
138498
138498
138498
138628
138670
138820
138863
138865
138870
138910
138910
138910
138910
138947
138947
138947
138947
139010
139010
139022
139022
139044
139064
139064
139152
139152
139194
139209
139209
139209
139209
139209
139209
139209
139222
139222
139223
139261
139261
139261
139261
139341
139381
139381
139381
139381
139381
139381
139381
139381
139381
139381
139538
139584
139678
139684
139684
139718
139756
139764
139772
139817
139817
139825
139825
139825
139825
139908
139908
139908
139970
139970
139970
139970
140014
140039
140039
140039
140076
140077
140077
140077
140133
140220
140220
140294
140294
140294
140294
140389
140428
140469
140469
140469
140469
140494
140494
140494
140495
140495
140536
140536
140536
140536
140536
140536
140536
140586
140586
140586
140586
140801
140982
141002
141002
141002
141020
141020
141020
141020
141020
141026
141026
141026
141026
141026
141026
141115
141137
141180
141180
141188
141188
141204
141263
141263
141263
141275
141275
141332
141332
141332
141332
141346
141350
141358
141358
141358
141358
141358
141358
141410
141427
141548
141548
141548
141548
141548
141548
141551
141557
141557
141557
141557
141602
141602
141602
141679
141679
141679
141755
141833
141897
141905
141945
141945
141945
141945
142144
142159
142206
142206
142206
142206
142206
142206
142256
142256
142256
142256
142256
142395
142403
142403
142403
142444
142450
142474
142484
142494
142530
142557
142557
142557
142557
142557
142577
142577
142577
142577
142577
142577
142621
142621
142673
142714
142714
142714
142714
142714
142714
142753
142753
142753
142753
142836
142842
142862
142862
142862
142909
142909
142909
142909
142955
142955
142955
142955
142955
142955
142955
142955
142955
143129
143288
143288
143288
143288
143291
143396
143396
143396
143396
143396
143396
143421
143421
143421
143421
143499
143583
143639
143639
143655
143655
143655
143828
143828
143828
143828
143854
143854
143854
143854
143854
143854
143854
143854
143854
143854
143854
143854
143854
143854
143854
143854
143854
143856
143856
143856
143856
143856
143856
143856
143948
143948
143991
144001
144001
144001
144087
144087
144162
144162
144162
144162
144162
144162
144418
144473
144528
144528
144528
144546
144573
144573
144656
144659
144659
144659
144659
144659
144659
144707
144707
144707
144721
144762
144869
144900
144921
144921
144983
144983
144983
145128
145147
145163
145164
145167
145210
145335
145358
145365
145375
145500
145500
145500
145500
145500
145500
145558
145562
145562
145562
145562
145562
145562
145562
145584
145584
145584
145584
145672
145672
145672
145672
145672
145707
145784
145784
145784
145802
145804
146175
146192
146192
146229
146229
146290
146290
146290
146290
146313
146313
146313
146316
146355
146355
146355
146355
146370
146370
146370
146370
146509
146520
146533
146533
146629
146645
146645
146645
146720
146786
146786
146901
146901
146968
147035
147035
147061
147292
147297
147297
147297
147297
147297
147297
147297
147312
147312
147312
147312
147312
147362
147362
147366
147366
147496
147510
147551
147551
147551
147551
147560
147560
147570
147616
147656
147656
147897
147897
147897
147897
147897
147897
147980
147980
147980
148034
148034
148034
148034
148137
148137
148137
148137
148137
148137
148185
148185
148185
148185
148328
148328
148328
148328
148328
148373
148373
148373
148396
148396
148406
148406
148406
148406
148406
148406
148409
148464
148464
148464
148464
148464
148464
148464
148464
148480
148480
148480
148480
148480
148572
148572
148582
148582
148582
148582
148582
148592
148626
148682
148682
148822
148830
148830
148976
149014
149018
149018
149018
149099
149228
149228
149246
149261
149261
149261
149261
149261
149261
149261
149261
149261
149261
149261
149261
149361
149402
149402
149436
149436
149436
149436
149436
149472
149472
149472
149472
149569
149569
149598
149605
149605
149668
149668
149668
149668
149668
149668
149695
149740
149891
149901
149901
150096
150096
150096
150096
150115
150167
150252
150299
150299
150299
150299
150299
150299
150299
150299
150339
150339
150339
150409
150409
150409
150409
150466
150481
150513
150516
150516
150542
150542
150653
150653
150677
150684
150741
150741
150839
150839
150843
150880
150880
150880
150880
150880
150880
150880
150881
150902
150927
150927
151076
151076
151094
151094
151137
151140
151177
151177
151177
151230
151232
151232
151232
151232
151232
151232
151232
151412
151412
151486
151544
151593
151593
151593
151650
151745
151745
151745
151745
151745
151745
151745
151745
151745
151745
151745
151745
151750
151784
151850
152024
152024
152024
152024
152024
152060
152154
152173
152266
152266
152266
152266
152332
152364
152364
152364
152364
152364
152368
152368
152421
152421
152421
152487
152522
152529
152613
152613
152680
152687
152687
152766
152766
152818
152818
152818
152818
152874
152874
152874
152874
152874
152915
152993
152993
152993
152993
153037
153073
153073
153073
153073
153096
153125
153125
153162
153162
153162
153240
153243
153360
153385
153385
153385
153410
153410
153427
153482
153593
153593
153593
153610
153717
153717
153717
153732
153732
153732
153732
153732
153736
153736
153750
153849
153849
153849
153849
153860
153860
153860
153860
153860
153860
153939
154006
154006
154006
154006
154006
154019
154019
154052
154052
154170
154180
154248
154304
154304
154304
154304
154304
154322
154395
154395
154411
154429
154429
154429
154463
154531
154677
154677
154677
154677
154677
154677
154702
154900
154900
155003
155078
155093
155093
155163
155163
155163
155163
155163
155163
155163
155187
155187
155279
155286
155286
155286
155312
155330
155330
155364
155516
155534
155578
155578
155597
155666
155666
155666
155666
155666
155801
155801
155801
155801
155801
155801
155801
155801
155801
155888
155950
155950
155950
155950
155954
155954
155954
155954
155997
156066
156094
156142
156319
156330
156330
156330
156330
156370
156370
156449
156449
156449
156449
156449
156449
156450
156519
156519
156605
156605
156605
156605
156605
156633
156640
156640
156714
156714
156714
156748
156748
156748
156780
156794
156794
156794
156799
156799
156799
156904
156944
156946
156946
156946
156946
156946
156946
156992
156992
156992
157028
157055
157115
157115
157173
157173
157224
157224
157224
157224
157224
157224
157224
157257
157337
157378
157404
157404
157404
157404
157404
157404
157404
157518
157536
157537
157545
157545
157545
157571
157591
157591
157602
157723
157723
157774
157933
157933
157933
157970
157970
158128
158128
158167
158167
158266
158266
158312
158328
158446
158446
158446
158457
158457
158457
158547
158575
158589
158589
158589
158610
158623
158656
158656
158656
158678
158678
158678
158678
158678
158678
158678
158808
158808
158808
158808
158808
158808
158835
158942
158962
158962
159061
159061
159114
159221
159227
159356
159356
159443
159443
159467
159467
159467
159467
159467
159467
159477
159708
159708
159730
159730
159788
159818
159946
160478
160478
160508
160564
160712
160737
160973
161003
161009
161009
161090
161211
161471
161662
161662
161662
161662
161662
161662
161729
161729
161778
161824
161975
161975
161975
161975
161975
161985
162039
162321
162321
162321
162321
162321
162321
162321
162329
162329
162340
162340
162340
162340
162433
162433
162474
162532
162532
162694
162718
162718
162758
162758
162769
162946
163021
163021
163021
163021
163021
163021
163207
163258
163271
163372
163378
163378
163378
163433
163442
163442
163507
163507
163606
163606
163606
163606
163606
163747
163753
163753
163847
163858
163884
163982
163982
164146
164185
164185
164187
164187
164187
164187
164187
164187
164187
164187
164472
164490
164490
164531
164531
164531
164531
164531
164531
164531
164589
164589
164589
164589
164589
164637
164637
164773
164778
164835
164835
164874
164994
164994
164994
164994
164994
165002
165002
165081
165124
165139
165139
165139
165139
165139
165311
165311
165375
165375
165375
165375
165516
165546
165553
165553
165553
165639
165639
165639
165639
165639
165664
165673
165717
165717
165717
165726
165726
165758
165765
165854
165854
165972
165972
165972
165972
165972
166716
166716
166826
166889
166889
166914
166914
166914
167121
167205
167205
167333
167666
167694
167694
167704
167704
167704
167704
167704
167704
167705
167724
167758
167812
167817
167817
167817
167967
168024
168024
168024
168024
168125
168125
168140
168177
168262
168322
168322
168322
168375
168445
168516
168516
168558
168567
168588
168588
168658
168671
168671
168697
168697
168697
168732
168732
168748
168844
168844
168896
168896
168896
168925
168925
168925
169046
169109
169109
169109
169154
169154
169156
169157
169270
169447
169636
169636
169679
169679
169679
169691
169849
169890
169890
169890
170017
170017
170034
170034
170131
170181
170181
170187
170187
170187
170187
170187
170187
170187
170187
170228
170257
170257
170257
170299
170634
170707
170742
170742
170742
170761
170761
170761
170761
170786
170786
170786
170786
170786
170786
170786
170831
170896
171058
171058
171073
171086
171086
171393
171414
171414
171450
171576
171576
171634
171810
171810
171819
171825
171825
171828
171871
171951
171951
171951
172242
172256
172303
172340
172353
172353
172389
172389
172409
172458
172461
172461
172482
172482
172795
172795
172795
172866
172866
172918
173181
173181
173200
173200
173348
173357
173357
173357
173357
173357
173466
173542
173592
173592
173592
173592
173684
173691
173699
173809
173809
173809
173928
173972
173972
173972
173972
173972
174025
174040
174046
174046
174105
174105
174132
174145
174145
174145
174186
174197
174197
174261
174316
174569
174598
174638
174768
174768
174768
174788
174807
175089
175089
175135
175135
175135
175190
175190
175190
175190
175190
175190
175190
175190
175190
175223
175281
175353
175421
175478
175478
175634
175717
175717
175728
175728
175728
175728
175728
175728
175728
175819
175865
175865
175865
175918
175948
175948
175951
175951
175951
175957
175957
175987
175994
175994
175994
175994
175994
175994
176008
176013
176111
176111
176111
176111
176111
176248
176268
176268
176268
176268
176274
176288
176446
176446
176450
176453
176453
176453
176459
176459
176459
176459
176459
176459
176459
176459
176459
176501
176501
176505
176514
176514
176514
176514
176514
176514
176514
176514
176598
176598
176598
176657
176667
176679
176723
176748
176774
176774
176800
176800
176801
176801
176828
176904
177014
177014
177014
177014
177014
177014
177033
177050
177194
177221
177262
177262
177358
177370
177370
177380
177420
177420
177420
177420
177532
177532
177549
177588
177669
177669
177733
177854
177854
177854
177869
177876
177876
177876
177934
177934
177934
177934
177934
177934
177934
177990
177990
177990
177990
177990
177990
177990
177990
177990
178026
178026
178026
178026
178026
178026
178026
178026
178026
178026
178108
178297
178320
178320
178322
178322
178322
178322
178322
178354
178354
178437
178500
178615
178624
178693
178693
178693
178700
178713
178713
178784
178856
178869
178876
178876
178876
178935
178935
178985
179026
179062
179062
179073
179101
179111
179129
179129
179143
179258
179258
179258
179258
179300
179339
179339
179339
179375
179483
179483
179491
179491
179491
179523
179523
179540
179586
179620
179620
179620
179654
179674
179674
179674
179679
179679
179684
179684
179685
179707
179707
179707
179707
179707
179707
179707
179707
179707
179707
179742
179742
179742
179742
179742
179948
179948
179948
179948
179948
179948
179948
179948
179948
179948
179948
179953
179954
179954
179954
180021
180021
180021
180070
180071
180091
180132
180143
180143
180143
180143
180143
180143
180179
180234
180234
180262
180262
180391
180391
180399
180399
180399
180399
180444
180444
180444
180444
180444
180493
180493
180493
180493
180537
180553
180553
180553
180593
180593
180593
180593
180593
180674
180674
180802
180802
180839
180839
180839
180859
180862
180862
180862
180862
180862
180879
180879
180879
180916
180916
180916
180922
180994
181047
181047
181047
181047
181080
181147
181147
181239
181243
181312
181312
181312
181312
181345
181482
181525
181531
181531
181531
181551
181569
181569
181626
181626
181626
181647
181647
181647
181729
181731
181731
181731
181747
181747
181747
181747
181747
181824
181824
181824
181842
181842
181842
181842
181842
181842
181842
181842
181842
181842
181842
181880
181908
181908
181908
181908
181908
181908
181908
181911
181911
181911
181911
181911
181944
181988
181988
182042
182042
182042
182154
182154
182154
182154
182154
182154
182154
182233
182233
182234
182234
182234
182334
182334
182334
182337
182407
182594
182594
182594
182602
182602
182602
182773
182801
182808
182808
182817
182817
182817
182834
182834
182882
182882
182882
182904
182904
182904
182904
182904
182910
183040
183040
183040
183101
183101
183107
183130
183130
183208
183221
183446
183446
183446
183446
183446
183557
183604
183604
183604
183604
183604
183615
183659
183659
183659
183659
183908
183945
183965
183965
183995
184029
184054
184054
184109
184109
184109
184109
184121
184123
184150
184150
184183
184183
184183
184221
184441
184441
184555
184622
184647
184647
184696
184763
184763
184864
184864
185069
185082
185108
185137
185137
185139
185139
185139
185139
185149
185231
185275
185275
185275
185299
185305
185410
185410
185410
185410
185421
185421
185421
185421
185421
185453
185453
185453
185544
185544
185544
185544
185620
185620
185620
185620
185620
185620
185620
185620
185623
185623
185623
185712
185781
185781
185804
185812
185812
185812
185812
185882
185882
185919
185926
185974
185974
185974
186010
186063
186086
186103
186103
186103
186132
186132
186180
186180
186180
186180
186180
186180
186231
186300
186300
186300
186300
186300
186300
186331
186437
186437
186437
186437
186449
186463
186464
186464
186464
186466
186466
186466
186466
186466
186466
186467
186555
186561
186561
186593
186637
186692
186744
186744
186746
186746
186746
186746
186799
187000
187081
187233
187284
187284
187446
187544
187560
187560
187560
187560
187654
187802
187847
188012
188085
188153
188168
188168
188180
188180
188185
188185
188200
188200
188200
188200
188254
188254
188256
188256
188256
188341
188341
188392
188392
188392
188392
188392
188392
188392
188392
188470
188506
188512
188512
188512
188512
188545
188545
188545
188545
188545
188545
188545
188545
188545
188620
188775
188775
188775
188775
188792
188792
188792
188792
188792
188792
188792
188856
188860
188860
188873
188905
188905
188916
188952
188952
188952
188952
188952
188952
188952
189019
189118
189118
189118
189118
189149
189149
189149
189197
189226
189226
189226
189226
189226
189226
189226
189226
189231
189237
189584
189584
189671
189671
189671
189672
189703
189703
189703
189703
189703
189703
189703
189714
189714
189722
189747
189747
189747
189761
189784
189784
189789
189789
189789
189789
189846
189846
189937
189960
190014
190014
190093
190138
190222
190307
190307
190337
190337
190380
190390
190390
190461
190518
190518
190529
190529
190531
190531
190531
190531
190531
190531
190531
190531
190568
190589
190620
190620
190694
190825
190865
190920
190928
190986
191046
191046
191046
191134
191134
191134
191134
191195
191195
191195
191195
191195
191195
191349
191395
191395
191419
191419
191438
191438
191442
191452
191455
191458
191502
191502
191502
191504
191513
191513
191513
191513
191564
191564
191564
191564
191564
191564
191564
191564
191564
191564
191564
191638
191662
191716
191716
191766
191766
191766
191766
191766
191815
191815
191842
191892
191916
191916
191916
191936
191962
191962
191962
191962
192007
192053
192101
192186
192207
192207
192228
192228
192228
192228
192293
192310
192310
192310
192336
192404
192447
192447
192447
192447
192447
192447
192480
192549
192607
192607
192607
192607
192607
192607
192607
192607
192645
192689
192689
192693
192693
192700
192700
192700
192830
192830
192885
192885
192885
192885
192885
192911
192917
192917
192917
192917
192917
192917
192917
192917
192978
193083
193350
193350
193522
193556
193556
193644
193746
193746
193796
193796
193796
193837
193954
193968
193968
194167
194190
194190
194190
194447
194606
194606
194606
194621
194852
194852
194852
195177
195177
195177
195177
195177
195275
195343
195343
195349
195349
195399
195399
195409
195409
195409
195445
195445
195445
195645
195668
195668
195668
195668
195712
195712
195712
195733
195733
195824
195824
195858
195858
195880
195896
195990
195990
196013
196013
196013
196013
196049
196049
196049
196049
196049
196049
196049
196049
196061
196061
196084
196084
196084
196084
196091
196091
196114
196206
196206
196206
196206
196206
196308
196430
196430
196430
196446
196446
196561
196561
196561
196561
196634
196634
196770
196770
196770
196770
196770
196960
197140
197140
197516
197827
197827
197955
198156
198156
198156
198156
198156
198156
198156
198178
198178
198408
199055
199168
199168
199223
199297
199297
199297
199297
199297
199584
199584
199593
199593
199593
199593
199593
199593
199593
200055
200116
200116
200182
200243
200243
200279
200279
200487
200487
200487
200487
200668
200668
200668
200668
200696
200696
200696
200696
200950
200974
200998
201069
201069
201069
201069
201147
201147
201147
201215
201422
201422
201438
201438
201438
201636
201636
201812
201871
201871
201871
201871
201871
201871
201991
201991
201991
201991
202252
202252
202252
202252
202290
202290
202426
202440
202460
202501
202553
202864
203097
203188
203188
203188
203514
203559
203559
203559
203559
203616
203616
203616
203616
203722
203722
203722
203879
203896
203923
204089
204158
204162
204162
204446
204512
204512
204618
204618
204618
204749
204749
204814
204939
204956
204956
204956
204956
204956
204956
204956
205028
205083
205095
205095
205095
205245
205245
205245
205252
205252
205314
205330
205359
205359
205359
205406
205481
205589
205692
205692
205863
205874
205911
205944
206033
206033
206056
206056
206234
206234
206234
206234
206234
206234
206811
206811
206825
206825
207094
207094
207094
207094
207094
207248
207248
207394
207394
207394
207484
207556
207590
207600
207600
207600
207607
207878
207930
207930
207930
207930
207930
208063
208063
208066
208077
208077
208077
208105
208105
208128
208137
208192
208396
208478
208585
209032
209032
209032
209184
209184
209184
209184
209301
209301
209351
209361
209361
209361
209361
209361
209361
209410
209424
209424
209424
209424
209532
209532
209532
209532
209532
209555
209555
209583
209583
209772
209772
210034
210034
210121
210121
210121
210171
210180
210290
210319
210319
210319
210319
210325
210325
210325
210325
210325
210325
210342
210347
210364
210364
210364
210364
210364
210364
210364
210383
210451
210451
210462
210462
210592
210592
210595
210604
210764
210813
210813
210864
210865
210896
210896
210896
210896
210897
210923
210923
210932
210932
210932
210932
210932
210932
210936
210959
210961
210961
210961
210961
210970
210970
210970
210970
211021
211198
211241
211252
211252
211278
211316
211327
211369
211369
211378
211458
211458
211458
211458
211667
211667
211789
211789
211789
211898
211898
212000
212006
212031
212178
212184
212269
212269
212342
212363
212363
212376
212376
212393
212445
212535
212535
212535
212535
212621
212654
212654
212654
212673
212712
212716
212794
212870
212907
212978
212978
212978
212995
213047
213047
213173
213173
213221
213263
213263
213263
213263
213263
213285
213285
213419
213440
213440
213440
213451
213451
213478
213478
213478
213478
213478
213478
213478
213478
213478
213486
213486
213614
213688
213688
213688
213688
213719
213719
213736
213736
213769
213777
213777
213777
213835
213835
213871
213871
213871
213871
213871
213883
213883
213982
213982
213982
213982
213982
213982
213982
213982
214130
214136
214179
214179
214188
214230
214230
214230
214300
214300
214300
214300
214316
214358
214366
214366
214366
214366
214366
214366
214366
214390
214390
214437
214437
214437
214442
214442
214499
214499
214551
214551
214551
214551
214554
214554
214591
214591
214599
214599
214679
214705
214732
214734
214760
214790
214841
214847
214862
214869
214869
214869
214869
214869
214869
214869
214869
214895
214992
214992
214992
214992
215058
215060
215123
215123
215123
215123
215123
215123
215142
215144
215159
215159
215239
215251
215297
215297
215297
215309
215421
215454
215454
215465
215515
215515
215515
215515
215515
215515
215515
215515
215515
215562
215562
215562
215578
215642
215659
215718
215718
215730
215730
215730
215730
215748
215748
215762
215785
215785
215785
215785
215785
215820
215820
215820
215820
215925
215925
215925
215934
215948
215948
216000
216017
216017
216077
216077
216101
216132
216173
216186
216186
216203
216204
216214
216302
216479
216479
216479
216479
216479
216498
216498
216498
216532
216532
216532
216579
216579
216579
216601
216610
216649
216649
216649
216664
216664
216735
216735
216790
216790
216926
216926
216989
216989
217086
217086
217086
217086
217173
217233
217244
217244
217363
217378
217435
217453
217453
217453
217453
217453
217458
217458
217458
217458
217470
217598
217598
217599
217605
217605
217649
217651
217651
217651
217651
217651
217828
217889
217947
217980
217980
217980
218005
218005
218091
218091
218091
218174
218174
218185
218185
218185
218185
218230
218230
218230
218253
218253
218253
218271
218271
218271
218271
218349
218388
218388
218388
218388
218432
218432
218473
218485
218485
218485
218485
218485
218485
218485
218493
218493
218493
218493
218493
218561
218561
218561
218569
218569
218569
218569
218569
218569
218589
218660
218689
218789
218789
218789
218789
218789
218789
218884
218921
218928
218935
218935
218947
219112
219112
219112
219112
219112
219349
219349
219385
219414
219414
219468
219468
219468
219470
219470
219470
219470
219470
219470
219475
219475
219666
219694
219694
219694
219712
219779
219836
219836
219836
219836
219844
219844
219854
219863
219876
219876
219876
219902
219913
219913
219993
220044
220095
220108
220132
220154
220154
220154
220154
220154
220154
220285
220285
220382
220382
220387
220428
220428
220428
220428
220428
220428
220428
220482
220493
220516
220516
220516
220516
220540
220540
220540
220567
220567
220609
220671
220671
220671
220671
220679
220679
220730
220730
220730
220730
220730
220768
220799
220818
220935
220935
221004
221004
221004
221004
221004
221041
221130
221130
221196
221196
221196
221196
221208
221208
221215
221215
221252
221252
221258
221258
221258
221258
221258
221258
221258
221258
221258
221258
221258
221258
221258
221270
221277
221293
221296
221296
221358
221358
221358
221358
221358
221358
221358
221358
221358
221360
221398
221415
221415
221415
221415
221415
221446
221548
221548
221622
221639
221666
221666
221707
221707
221707
221707
221707
221707
221747
221823
221823
221832
221929
222003
222111
222111
222127
222145
222163
222190
222190
222219
222219
222219
222219
222221
222221
222290
222290
222317
222317
222317
222329
222354
222387
222387
222387
222387
222420
222453
222453
222453
222483
222504
222536
222549
222549
222557
222557
222557
222557
222571
222631
222631
222631
222675
222807
222876
222876
222949
223045
223045
223045
223045
223045
223084
223084
223119
223272
223272
223317
223317
223317
223317
223357
223357
223357
223357
223368
223381
223381
223381
223386
223386
223386
223386
223398
223523
223574
223574
223574
223574
223574
223574
223574
223599
223599
223618
223618
223701
223718
223718
223726
223726
223726
223726
223726
223738
223738
223738
223738
223746
223746
223800
223800
223832
223832
223836
223836
223851
223851
223851
223851
223851
223880
223901
223901
223901
223901
223904
223904
223904
223904
223933
223933
223933
223933
223938
223977
224014
224014
224014
224014
224014
224014
224014
224014
224017
224080
224093
224135
224135
224135
224143
224143
224143
224333
224333
224352
224357
224357
224357
224357
224357
224357
224357
224357
224379
224397
224399
224399
224410
224418
224418
224418
224442
224442
224442
224442
224444
224444
224444
224444
224469
224469
224521
224573
224573
224622
224631
224632
224632
224632
224643
224643
224725
224725
224855
224899
224967
225081
225113
225113
225113
225127
225178
225268
225268
225268
225280
225329
225356
225356
225507
225507
225524
225571
225575
225575
225575
225575
225575
225578
225578
225640
225640
225658
225715
225715
225741
225741
225741
225741
225741
225741
225741
225741
225741
225744
225744
225744
225751
225751
225751
225751
225751
225761
225782
225868
225868
225893
225893
225919
225919
225935
225942
225993
225993
226093
226127
226127
226127
226141
226211
226211
226211
226211
226211
226211
226234
226234
226272
226272
226272
226452
226501
226501
226692
226714
226714
226714
226714
226732
226732
226747
226747
226762
226762
226762
226926
226926
226926
226989
226995
226995
226995
226995
226995
227044
227069
227382
227527
227527
227527
227527
227527
228226
228226
229993
231507
237733
237946
238040
238040
238040
238218
238218
238218
238336
238698
238698
238979
239502
239502
239568
239600
239600
239773
239852
239852
239868
239970
239970
239970
240049
240363
240404
240489
240489
240489
240489
240508
240508
240624
240854
240854
240854
240944
240944
240944
240944
240944
240944
240952
240952
240952
241008
241008
241008
241175
241175
241175
241333
241333
241333
241334
241380
241380
241380
241538
241609
241721
241721
241782
241782
241782
241806
241806
241806
241806
241806
241890
241890
241890
241890
241911
241911
241911
241911
241911
241911
241919
241919
241963
242119
242246
242246
242246
242246
242246
242286
242286
242286
242286
242286
242316
242584
242641
242641
242641
242641
242792
242792
242792
242792
242792
242792
242874
242976
243032
243051
243051
243174
243174
243174
243174
243321
243321
243321
243342
243366
243366
243412
243452
243496
243509
243727
243783
243783
243785
244010
244010
244088
244172
244240
244252
244465
244511
244511
244511
244511
244511
244511
244511
244552
244552
244552
244552
244552
244552
244621
244632
244632
244632
244632
244632
244658
244811
244952
244952
244975
245041
245041
245041
245041
245041
245041
245050
245238
245238
245238
245251
245251
245268
245276
245290
245290
245336
245392
245392
245392
245392
245434
245531
245531
245531
245531
245531
245608
245608
245636
245872
245872
245872
245872
245872
245945
245945
245945
245969
246057
246062
246095
246152
246152
246152
246152
246472
246472
246472
246472
246472
246472
246647
246648
246648
246648
246648
246780
246780
246780
246780
246884
246884
246940
247095
247146
247146
247146
247146
247146
247184
247252
247252
247252
247252
247252
247252
247424
247683
247720
247733
247799
247799
247805
247898
247898
248042
248115
248181
248181
248319
248319
248339
248365
248365
248423
248565
248579
248587
248632
248646
248699
248699
248917
248917
248917
248920
248920
248920
248920
248971
248978
248978
248978
248990
249032
249032
249032
249117
249117
249193
249193
249193
249193
249193
249398
249580
249580
249661
249739
249800
250039
250123
250123
250123
250123
250125
250131
250202
250202
250202
250202
250202
250254
250254
250307
250307
250307
250307
250307
250307
250645
250645
250929
250929
250929
250929
250943
250943
250943
250943
250943
250943
250958
251044
251061
251101
251181
251181
251181
251181
251181
251202
251202
251283
251378
251455
251455
251455
251455
251503
251559
251559
251559
251559
251559
251665
251665
251695
251707
251801
251811
251862
252125
252125
252125
252125
252125
252125
252170
252170
252170
252463
252518
252518
252518
252533
252533
252560
252560
252567
252567
252567
252567
252799
252827
252937
252937
252937
252937
252937
253322
253352
253352
253380
253380
253380
253549
253549
253549
253549
253553
253606
253627
253627
253627
253627
253689
253803
253803
253945
253946
253946
254132
254132
254370
254370
254672
254795
254795
254795
254795
254795
254795
254815
254815
255034
255161
255262
255289
255309
255362
255362
255362
255362
255402
255806
255806
255806
255806
255919
256099
256099
256119
256119
256139
256139
256139
256203
256240
256251
256251
256251
256251
256313
256313
256313
256313
256318
256318
256365
256365
256365
256375
256375
256415
256415
256415
256498
256626
256626
256626
256626
256626
256673
256673
256673
256673
256743
256806
256879
256895
256895
256943
257032
257032
257032
257032
257032
257032
257032
257032
257032
257034
257088
257088
257088
257167
257167
257217
257218
257218
257218
257228
257253
257333
257333
257333
257340
257340
257345
257345
257349
257367
257367
257367
257367
257367
257367
257390
257474
257474
257592
257631
257631
257631
257635
257671
257694
257694
257694
257694
257849
257913
257913
258250
258250
258250
258266
258266
258266
258266
258266
258266
258266
258318
258318
258318
258327
258327
258327
258327
258327
258338
258384
258384
258384
258537
258537
258690
258690
258831
258992
258992
259045
259045
259051
259113
259113
259113
259113
259205
259205
259368
259368
259395
259531
259615
259615
259615
259615
259615
259803
259829
259829
259829
259829
259829
259829
259894
259894
259894
259894
259926
259956
259956
260020
260041
260097
260144
260144
260144
260421
260421
260546
260546
260546
260546
260546
260630
260630
260630
260630
260630
260630
260630
260630
260674
260674
260674
260715
260857
260977
261018
261036
261082
261082
261082
261082
261082
261102
261102
261102
261102
261102
261140
261140
261140
261147
261147
261147
261176
261176
261176
261176
261176
261344
261344
261511
261511
261511
261511
261578
261578
261578
261594
261594
261605
261676
261676
261701
261769
261769
261774
261774
261774
261774
261774
261774
261936
262033
262104
262104
262104
262104
262118
262180
262180
262183
262272
262274
262274
262299
262299
262299
262299
262299
262305
262330
262448
262448
262499
262499
262551
262619
262700
262700
262700
262700
262979
263020
263020
263030
263096
263096
263096
263096
263096
263096
263096
263131
263168
263168
263168
263255
263255
263289
263366
263378
263461
263592
263721
263863
263863
263863
263898
263898
263933
263967
263967
263971
264188
264188
264188
264188
264190
264190
264190
264190
264190
264238
264238
264238
264238
264276
264276
264276
264321
264364
264364
264364
264364
264384
264445
264445
264445
264547
264547
264547
264547
264547
264547
264547
264547
264547
264547
264665
264665
264665
264665
264665
264665
264665
264665
264665
264665
264675
264753
264753
264753
264753
264753
264753
264753
264753
264753
264855
264855
265196
265196
265288
265288
265288
265312
265312
265322
265322
265359
265359
265614
265614
265650
265650
265769
265828
265922
265922
265922
265922
265936
265936
265936
265936
265939
265959
265959
265960
265960
266060
266141
266141
266141
266141
266289
266289
266474
266531
266632
266730
266730
266755
266755
266755
266755
266760
266760
266774
266774
266774
266774
266774
266859
266902
266926
266926
266926
266953
266996
267008
267071
267149
267241
267273
267343
267357
267357
267516
267516
267537
267537
267547
267623
267623
267654
267654
267654
267720
267789
267860
267860
267860
267860
267860
267860
267909
267945
267945
267945
267981
267981
267986
267986
267986
267986
267986
267986
267986
267986
268002
268108
268108
268117
268117
268117
268117
268117
268117
268187
268187
268187
268187
268187
268333
268333
268333
268376
268376
268376
268376
268376
268376
268376
268504
268504
268538
268566
268566
268566
268566
268566
268566
268566
268595
268595
268595
268595
268595
268595
268600
268660
268754
268754
268754
268754
268754
268754
268754
268754
268798
268798
268868
268868
268955
269029
269029
269052
269052
269052
269065
269065
269065
269209
269209
269209
269209
269209
269209
269209
269209
269222
269222
269222
269341
269341
269346
269346
269346
269405
269405
269405
269508
269528
269528
269528
269528
269528
269528
269663
269663
269663
269663
269676
269676
269762
269837
269925
269925
269925
269945
269988
269994
269994
269994
269994
269994
270047
270047
270074
270074
270074
270074
270074
270074
270141
270160
270178
270310
270316
270323
270323
270323
270323
270330
270372
270471
270471
270471
270471
270740
270778
270788
270788
270788
270788
270788
270788
270922
270953
271052
271052
271135
271303
271303
271303
271356
271356
271398
271398
271398
271398
271398
271398
271398
271398
271516
271532
271541
271656
271656
271665
271665
271665
271665
271665
271669
271669
271669
271669
271669
271669
271669
271669
271669
271702
271702
271702
271702
271702
271702
272002
272002
272002
272002
272002
272002
272002
272023
272023
272062
272158
272181
272181
272181
272181
272348
272478
272478
272478
272478
272478
272478
272659
272659
272659
272663
272663
272778
272874
273036
273036
273036
273036
273050
273050
273050
273106
273242
273263
273331
273331
273333
273569
273667
273676
273676
273676
273676
273727
273743
273755
273800
273800
273800
273845
273845
273845
273845
273845
273845
273845
273862
273862
273862
273862
274121
274135
274164
274164
274265
274265
274265
274284
274284
274284
274284
274284
274284
274287
274287
274287
274313
274521
274525
274525
274538
274538
274538
274545
274603
274603
274603
274603
274603
274603
274614
274614
274614
274614
274616
274616
274627
274627
274627
274627
274718
274718
274718
274786
274833
274833
274833
274833
274848
274848
274860
274860
274866
274871
274871
275032
275109
275109
275109
275213
275213
275213
275213
275213
275213
275227
275227
275227
275354
275395
275404
275462
275462
275505
275505
275505
275530
275530
275530
275530
275530
275542
275542
275542
275569
275672
275688
275688
275688
275734
275844
275844
275844
275844
276011
276011
276011
276022
276029
276088
276088
276141
276141
276141
276141
276141
276141
276141
276184
276206
276276
276276
276391
276391
276427
276568
276568
276570
276650
276664
276664
276664
276664
276664
276665
276665
276665
276696
276696
276761
276761
276820
276848
276848
276848
276848
276848
276855
276961
276961
276961
276961
277048
277048
277048
277237
277436
277436
277440
277440
277440
277440
277440
277440
277440
277440
277440
277467
277467
277484
277527
277527
277542
277554
277596
277596
277615
277615
277615
277615
277615
277615
277615
277615
277615
277655
277655
277655
